-34.245705 6.133240 19.738670
-33.254004 1.507827 -22.178767
14.895564 16.612474 33.198613
16.775156 6.787394 -35.672474
27.387814 14.013289 -25.564338
-0.964691 -33.993478 21.059744
9.537717 -21.679440 32.234048
-18.570645 32.425168 -14.273739
22.692633 30.104863 -13.369430
21.708915 -32.857850 7.006045
-18.501197 3.297173 35.310542
29.005365 12.607337 -24.489669
22.465005 11.546882 31.016013
29.824714 -24.700985 -10.017373
5.293395 26.156219 -29.796513
19.393323 28.217293 20.680508
-28.489113 -26.824287 8.296267
31.709414 13.411704 -20.362693
30.927497 18.407774 17.454047
-24.845541 6.306798 -30.707057
25.789002 30.571660 0.548577
-4.721316 2.458358 -39.644238
-14.532952 -26.485294 26.216836
-27.194123 -28.650098 6.296946
-1.377454 37.945054 12.580758
30.917133 23.181812 -10.331236
-39.991453 -0.826876 0.000513
-22.562808 -24.542467 22.104004
24.685884 -20.717425 23.693785
18.717052 29.754706 -19.087416
-19.773997 -4.271375 -34.507164
5.953767 9.526501 -38.390082
10.245900 32.019183 -21.674719
12.271465 28.940424 -24.735864
-19.222108 -33.301678 -11.023102
14.789417 -34.224812 -14.489148
8.549427 -26.088077 29.091572
-31.532106 20.983500 -12.861531
-31.592733 -3.962069 24.211593
38.896219 3.895566 -8.479902
-10.091452 35.438190 -15.565901
5.307632 17.615449 -35.517953
10.233690 -8.858033 37.640495
3.170893 29.766164 26.531508
28.152199 25.193782 -13.142564
31.096582 11.007570 -22.623793
15.186886 -34.052456 -14.484086
-37.596069 10.921762 8.200655
-30.066485 -9.127963 -24.752511
-24.413742 17.886443 26.154242
-29.948334 -26.089730 -4.735320
16.099816 -29.832772 21.232090
-4.823179 -30.960393 24.863447
-18.650362 -30.711223 17.577963
33.405592 5.152946 21.389566
16.902555 -26.011086 -25.253258
36.326498 14.755959 7.915002
-30.412100 23.298269 -11.501950
-38.720783 -7.688873 6.448424
-21.978472 26.359104 20.546152
-26.874977 21.856405 20.000829
-37.627190 -10.658334 8.402051
-7.876901 -26.987102 28.454362
29.478699 -26.961733 -2.017748
-20.341958 27.451887 20.799006
33.870782 21.263210 0.803780
-26.367340 -29.974108 2.513218
-38.353035 -10.120492 -5.159490
-19.143194 -25.639191 24.003541
-3.325214 -31.781909 24.059369
-26.245784 23.548922 18.884043
-34.876704 18.922372 5.055621
-9.157635 30.930773 -23.652167
-12.598436 30.948118 21.988483
-14.449191 -0.219589 37.298427
21.996829 33.049449 4.886046
-13.680296 -20.513109 31.497014
-13.736283 -21.826303 -30.576577
-13.979923 27.581205 25.373980
17.114797 -14.178407 33.257427
20.850715 -26.435486 -21.596592
-22.804032 -29.848077 -13.750215
28.350099 -9.043620 26.729849
-6.350198 -26.541374 -29.244324
18.994041 -24.011997 25.741997
-12.822028 -31.575762 20.941987
-29.233296 25.568041 9.575475
-0.380042 -39.582316 5.752897
-28.027512 27.569477 -7.374449
-20.189922 -22.630257 -26.081382
11.274737 -23.608548 -30.257507
25.718870 24.004561 -19.034725
21.995537 20.568644 26.327310
16.500511 30.572191 19.826100
-28.017358 20.286652 -20.086796
-20.117449 30.234194 16.768475
-29.491448 18.037831 -20.121907
2.982304 23.680014 -32.099265
-29.290822 22.100793 -15.924909
-9.721110 7.001454 -38.163853
-24.336694 28.585895 13.804780
-34.114335 14.500465 -15.031589
-6.739755 28.270045 27.484182
-38.036973 9.437474 -8.007672
19.005472 -8.125119 -34.245795
8.345072 -24.795711 -30.257767
-18.343156 26.070252 24.163413
3.623850 34.735675 19.501297
8.684300 -20.202472 -33.413217
35.724664 -17.441969 4.418838
-26.975771 -28.789250 6.594459
16.219081 32.998463 -15.749376
25.502554 -29.421270 9.165622
-0.977228 -31.148404 -25.076323
-7.876561 39.212662 -0.571782
0.033984 -39.823915 -3.748955
-19.150965 -18.653295 29.753910
32.973752 -21.318784 7.631586
27.638652 19.632840 -21.228673
22.283031 -8.027937 32.233814
-20.706870 29.764002 -16.891705
4.372943 -31.977645 23.628533
26.785024 -14.986367 -25.650951
-20.576284 -3.648598 -34.107247
13.152054 32.046761 -20.000715
-1.021832 27.483309 29.045199
-20.614957 -10.620132 32.591967
32.937700 0.026400 22.695973
24.441892 -24.818445 -19.663130
-12.044243 24.387366 -29.329040
7.727717 -16.482380 -35.617602
-1.488291 -27.595180 28.918697
-14.239125 28.080313 24.672725
-18.837017 -6.473530 -34.688041
27.575857 -27.819104 8.103676
-6.945622 28.596781 27.092110
-12.456784 -29.118070 24.432899
21.542611 -33.184869 5.889004
38.290353 -1.201442 -11.506753
19.026230 -8.477351 34.148750
10.379628 -31.447833 -22.434285
7.001569 30.767137 -24.583762
-34.167690 4.434096 20.320131
-21.524280 -27.540404 19.448175
-34.343134 20.325516 -2.724439
-23.890454 -3.744030 31.862649
-24.434701 25.368393 18.957584
-26.474704 5.472999 -29.481118
-20.043838 33.853138 -7.225620
-22.132347 1.382654 -33.290351
-11.979701 14.760692 35.193873
30.648286 -17.521140 18.806707
-27.827734 -28.722721 0.788974
5.906312 26.706672 29.186798
-34.499615 11.600508 -16.589296
16.343609 -27.305727 24.233937
-31.892078 11.519571 21.217795
-20.042003 -18.510868 29.251767
5.415921 16.498810 36.034110
37.396738 13.405205 -4.667383
-18.194551 35.012326 6.564704
-12.457733 21.741929 -31.178413
-16.702639 -22.611136 28.456254
-2.128338 38.673248 9.992502
23.413541 -32.086704 -4.716936
23.376481 32.224142 3.891637
24.528620 -22.110751 -22.571254
0.147413 -34.829226 19.669857
-5.056668 25.186911 -30.660229
-28.146866 -3.075957 28.254069
-21.946021 -26.555824 -20.326346
0.353645 0.621806 39.993603
16.120469 13.113653 34.178394
17.095521 26.406009 24.707607
-39.004353 -3.227494 -8.260974
10.321103 -21.382462 -32.191072
-24.655648 -28.421113 -13.577162
-20.634732 28.000960 19.752319
-28.659528 3.559809 27.675968
23.034485 -5.091741 -32.303045
-7.726505 -27.162932 -28.328012
-39.423529 -3.715580 5.655068
30.038572 -13.192120 -22.883447
19.952839 2.617990 -34.569211
-20.563024 18.343163 -28.994662
-7.327281 35.597329 -16.707516
38.343965 7.723966 8.371420
-19.522047 -30.130972 17.635595
26.554442 -23.277123 18.789282
-13.406293 -28.172812 25.031260
15.089260 -24.878846 -27.447354
-33.766001 -9.117940 -19.409286
-17.385927 22.117272 -28.435116
21.360497 33.811312 -0.724106
-14.209880 -25.152573 27.666358
-16.117472 15.126112 33.338084
-10.128524 36.117241 13.890928
36.512714 9.910201 -12.984976
-31.390216 -4.665609 -24.349260
10.569707 -23.666360 30.466124
33.925405 6.734499 20.092621
12.209881 18.895096 33.074071
-12.956688 28.816300 -24.530493
30.726685 22.298274 12.595945
23.404756 -31.711933 6.824273
30.401706 -16.236417 -20.300616
4.120240 -37.096966 -14.381890
30.741330 18.555265 17.625913
18.331615 25.550000 -24.721436
16.560302 23.779357 27.573513
-28.183592 28.110656 3.933971
-3.782908 0.592592 39.816309
2.885889 -37.494294 -13.632665
-15.265350 -27.268938 24.967461
27.251352 -25.667418 -14.090687
22.019789 -30.175201 -14.303361
34.264727 -13.233697 -15.836595
23.974946 -30.894830 -8.409007
-17.313173 25.016971 25.969313
-32.867391 -10.645360 20.159636
-33.029240 -2.251601 -22.449935
-22.001888 13.289347 30.648168
-35.562201 4.677000 -17.704675
-25.909486 23.533968 19.361066
-25.558525 23.263967 20.138262
-27.702953 14.447419 24.976359
-5.822546 30.601497 25.092755
-2.406827 38.850011 9.213243
8.807134 6.836711 -38.414760
-20.932438 -14.977288 30.618848
27.306406 -9.254211 -27.725796
-14.924290 -26.491976 25.989244
-21.937041 -10.798381 -31.656930
36.620960 -11.800145 -10.939009
-34.851211 8.548120 -17.672655
-19.183082 -33.697400 -9.823167
27.777069 1.825866 28.724565
-6.903551 -38.125115 9.940654
27.725004 23.520255 16.676983
-7.212004 21.284853 -33.089909
-31.534284 22.738127 9.410978
-20.669074 1.038451 -34.230265
22.147794 -27.919434 18.165363
-27.320173 -29.136853 2.156834
2.143882 37.552069 13.610508
-17.497173 -5.302478 -35.577137
35.029318 18.268198 6.262572
22.290881 -15.950617 29.132360
-7.721636 -39.008405 -4.326740
17.506202 30.373737 -19.260556
-16.661010 -24.279923 27.072053
-3.466412 -39.843574 -0.688188
-30.965176 -16.897568 18.858157
8.507170 -38.324930 7.669926
-3.496191 -31.907120 -23.868648
-36.122748 10.857533 -13.313941
22.829353 -30.043599 -13.274140
-27.719332 -28.401366 -5.000103
-5.202884 -31.663234 -23.882413
34.888039 3.662387 -19.220085
13.163099 27.505815 -25.887507
-15.634065 25.778280 -26.287950
-15.304595 2.589300 -36.865497
27.320885 -1.113596 -29.194677
-1.392503 31.223876 24.962582
-31.605851 13.057687 20.750108
7.748390 -22.488645 -32.159343
-3.555317 6.705849 -39.273290
0.440024 -24.572599 -31.559369
-30.281775 18.528184 -18.431508
-21.406908 20.429727 26.914133
-26.279413 -3.726981 -29.924941
16.833605 33.438694 -14.088418
-9.933290 -38.706518 1.770660
-18.439357 -17.130198 -31.089330
-20.393788 -31.259275 14.385798
-14.320425 -15.838677 -33.823982
-11.055940 -3.115499 -38.315269
10.863850 1.173382 -38.478565
-31.799871 14.075286 -19.764981
28.808202 -24.642870 12.759954
23.452648 30.916510 9.702715
10.888801 -24.001966 -30.088862
-20.289120 19.859203 28.177361
-4.764642 21.536999 33.368486
-36.231792 14.423925 8.899865
24.369472 -29.316408 12.111031
17.429160 -27.766490 22.918255
38.562925 5.304653 -9.206600
-2.593328 10.781891 -38.432089
-12.785071 24.865456 -28.605088
16.342147 14.405301 33.547303
31.826762 15.786492 18.380529
-5.086818 10.753790 -38.190055
-26.233833 -30.127925 -2.023399
32.671348 -19.002855 -13.094830
-30.727295 8.764672 -24.062707
-21.646895 24.142082 -23.421610
16.997021 33.736887 -13.150048
17.540611 -11.672231 34.001265
-39.250298 7.687549 -0.561864
16.821449 28.309650 -22.706883
20.059513 -34.265443 -4.847195
-4.645179 -0.495923 39.726268
18.301321 18.024977 -30.662059
-35.547129 2.364948 18.188146
17.875223 22.907781 -27.490180
7.123226 -19.047320 -34.445018
24.958426 24.995903 -18.769171
24.670212 3.645754 -31.274416
-19.717296 -23.489537 -25.680145
29.007151 -25.535666 10.320609
-26.844838 -28.079059 9.535259
-30.800040 5.164315 -24.993747
22.208786 -29.421410 -15.529021
28.857778 -12.596280 24.669057
6.638005 32.664803 -22.112158
14.376407 -19.910760 -31.573416
-26.878885 -9.391147 -28.095051
-21.744379 30.816022 13.324970
-38.537587 -7.332111 7.816298
-26.522835 -11.775781 -27.529443
29.527504 -21.822210 15.871915
-32.318147 17.017691 -16.307532
-27.918057 9.979289 -26.851366
4.368030 -36.534394 -15.689435
27.377535 0.689791 -29.154670
-12.824094 -29.315488 24.003016
25.086971 12.769389 -28.418068
-28.991504 -27.397881 -2.974697
22.933926 -13.620673 29.807923
14.682679 3.768083 37.016489
36.586820 16.094326 1.541850
12.645251 37.688687 -4.434016
21.781201 -3.915399 -33.320398
-0.458754 -39.665935 -5.138400
22.752511 27.960026 17.336671
23.609264 -22.615465 -23.046549
3.043878 34.398685 -20.185770
-21.236900 -22.190404 25.623818
27.679990 28.779453 -2.358222
12.311558 17.891978 33.590216
23.916788 -1.292782 -32.036166
-18.871855 -27.890386 21.586557
32.018331 -4.785002 23.493195
-25.212930 21.215536 22.676181
25.690148 -26.038484 16.186836
-1.734465 -25.142480 -31.061991
28.130834 -27.651726 6.636130
-26.693952 -25.966986 -14.599608
3.263371 -27.107762 29.232168
31.359825 7.769030 -23.583969
-9.010159 22.340994 31.932695
-18.225830 -28.201048 -21.737526
29.298120 -22.757376 14.957340
27.351499 28.928306 -3.879254
-8.092089 36.813431 13.389900
20.408529 21.294069 27.019522
-10.831709 -36.392915 -12.578943
29.967768 22.016609 14.737768
-1.731704 -5.972850 -39.513621
19.736848 23.389605 -25.756226
4.624364 25.761583 30.248241
9.826714 9.100015 -37.691185
-29.479914 -15.328873 22.270167
15.329854 -28.470388 23.546392
-38.656566 -4.905584 -9.033559
-34.721537 13.989533 -14.096375
-29.545343 -9.203448 25.345004
18.762115 35.167559 -3.350494
-34.447730 10.806442 17.221345
-7.870235 -33.622186 -20.189304
-27.142652 -22.591308 -18.785879
14.287848 37.097759 4.428736
-20.831007 -9.001070 -32.940096
-1.696286 35.724033 -17.914130
28.437133 15.462179 -23.500010
-15.523229 33.408982 15.584264
-12.061556 4.088793 -37.918342
-0.923658 -31.145954 -25.081395
-1.785635 34.124039 -20.793304
18.905692 29.838169 18.768551
-6.064722 28.954244 26.923427
6.644316 29.260798 -26.451063
17.579875 -31.773509 -16.774747
-20.515664 -7.371617 33.537543
-25.031035 22.703787 -21.400592
7.972461 38.748492 -5.915596
-15.487569 16.178625 -33.141927
24.708988 6.692441 -30.735601
-27.154896 19.704954 -21.779036
33.303164 -15.098640 16.215126
20.207751 -12.094994 32.331995
32.258866 -19.749348 -13.012641
30.520560 -5.750452 25.207692
-27.216095 23.730452 -17.209005
15.069987 -11.238261 35.307180
31.013517 -10.680445 -22.893009
-5.073607 -35.253532 18.205685
-24.366825 31.338389 4.915612
-20.609303 34.257719 -1.290475
-37.614952 4.449546 -12.857563
13.550571 -14.541111 34.712219
2.297397 2.755733 -39.838774
-31.328316 -10.310169 22.632654
-26.606728 -14.373053 26.182005
-29.210209 27.136964 -3.216966
14.976498 -28.786652 23.388740
15.320310 36.305209 -6.871673
28.433552 -9.207452 26.584882
-20.655860 19.361477 -28.257188
-0.376987 23.043550 32.693312
-26.593974 -29.861969 1.011619
27.162005 29.356476 0.650224
25.990428 -14.843983 -26.535897
-10.336727 17.611281 -34.394693
-29.340311 -19.552660 18.890200
32.501794 7.131990 22.198381
30.885860 7.294930 24.348463
38.104113 7.750714 -9.380990
5.263335 -2.435477 39.577339
-25.124616 22.464557 21.542919
-35.587754 -14.922615 -10.527456
28.857435 11.921959 25.002306
3.972890 18.502412 35.240274
4.113369 -35.765608 -17.432770
-23.784843 30.782642 9.311832
-38.026821 6.904822 10.309428
-31.854730 -23.983217 -3.175132
27.804347 24.338865 15.314632
23.422018 31.452641 -7.882920
24.020629 31.792430 -3.500108
-33.944005 1.299646 21.121446
15.228793 -24.109082 -28.050598
20.684029 -9.338029 32.938916
-29.964761 -21.431320 -15.582414
-27.066763 -28.970270 5.302247
0.417545 32.337834 -23.539119
-3.914795 17.933793 -35.539463
-34.877831 16.481552 10.578058
36.524403 1.438097 16.244995
-24.851355 21.489173 22.817222
-16.316973 32.542781 16.574793
5.273761 -28.906208 27.140718
-22.140712 24.931320 22.095659
25.573494 14.285116 -27.238426
16.816131 25.801770 -25.524231
19.946524 23.996061 -25.026491
-22.259337 30.547957 -13.089853
27.452427 18.795325 -22.205855
8.156105 11.236162 -37.513019
-16.093072 36.592261 -1.421096
-29.849575 20.442996 -17.061266
10.816854 -33.223238 19.473370
27.101552 -24.340853 -16.523581
23.248436 23.415295 -22.610488
16.581838 -15.498622 32.936839
25.605220 9.564139 -29.204451
-8.314227 38.185161 -8.530365
-12.352619 -24.725252 -28.914957
18.089584 21.804988 28.236669
-23.160375 20.972476 -24.975033
31.015089 -10.756591 -22.855196
-19.871959 -32.738355 11.545794
-32.541584 -22.472176 -6.003883
3.170581 11.568451 38.159119
25.001664 -29.944040 8.847104
1.029922 24.633920 -31.497766
-20.315706 26.839823 -21.607777
-2.705251 29.252135 27.147638
-25.272953 27.637526 14.051512
-4.929263 -27.443433 -28.680313
-35.512787 -0.977820 -18.381670
13.262404 -21.179246 -31.233766
-15.740162 -20.893986 -30.260348
-27.401925 -24.950582 -15.053337
-25.252265 30.764564 -3.983058
-9.585309 -18.443602 34.175362
25.414345 21.309449 -22.361093
-12.776514 29.682267 23.573793
-34.173907 15.310538 14.061702
-25.476567 29.635860 -8.524103
24.482563 -25.246077 19.058848
-24.461344 2.643110 -31.538177
-34.056482 -9.454788 -18.728669
21.320459 1.798481 33.796501
-20.233858 -20.313348 27.891914
19.388825 -24.401398 -25.072798
16.979124 -34.557869 -10.838037
17.954805 -35.620706 2.964849
9.034564 32.938804 20.818546
-33.347301 -19.337371 -10.678183
-22.534001 -22.969543 23.761711
22.290414 23.473347 -23.497647
15.530465 32.900639 -16.623857
-15.053343 -26.481826 25.925079
-30.260870 -23.276987 -11.935730
-15.155908 20.133148 -31.063722
19.402204 1.854878 -34.930129
-32.345404 -22.813588 5.771916
15.724203 34.408307 12.992992
-34.945251 -16.303832 10.630829
-26.155467 14.084162 -26.786712
6.932411 2.428451 39.319770
-0.672870 29.634240 -26.858129
12.319425 -3.489683 37.895302
-28.071375 -5.005937 28.052424
25.667918 27.174289 -14.237836
18.561525 -21.829956 27.909189
24.937080 16.010572 -26.866403
-25.943181 21.982254 -21.064944
2.745037 39.180547 -7.572944
-37.443212 0.678150 -14.055105
-19.572598 27.667677 21.246484
-31.885529 5.718707 23.465068
15.775635 -35.923231 -7.787864
-19.913106 -26.111532 22.839792
16.470731 2.072153 36.392598
-12.157718 24.787129 -28.944570
-7.599408 10.370293 -37.877514
-19.870151 -28.141888 20.327598
26.320550 -20.854473 21.732915
-26.695680 27.119895 12.322821
27.932044 -18.278992 -22.038134
-35.709480 -16.312714 7.663447
-26.145239 -15.921601 -25.747409
-15.210715 -34.742650 12.711506
1.695368 -30.071436 -26.321749
27.115472 -29.375996 1.342403
-11.781613 19.040708 -33.145815
-11.021892 35.110447 15.677194
19.073787 -28.911106 -20.008463
-17.626731 29.219226 -20.869481
-4.394809 15.757998 -36.501660
-2.958287 38.309361 11.119417
26.727491 -19.728829 22.280362
30.148062 -24.670286 9.081373
3.235361 30.670382 -25.472732
7.232068 -30.922403 -24.320818
18.155107 34.438822 -9.184748
5.024936 -25.041808 30.784052
13.235673 -13.023991 35.428698
-34.946937 17.679430 8.133227
-21.552032 21.013566 26.342741
35.176701 13.472303 -13.457220
-28.456221 0.155394 28.110841
-6.771403 -27.802572 -27.949331
20.331277 18.454658 29.087193
-21.817988 28.578802 17.527905
-27.827724 27.687708 7.681707
27.297170 2.688360 -29.114210
26.532307 -29.827940 2.516075
11.327404 38.349290 -1.010859
36.272299 16.764341 -1.810314
-6.399323 34.301941 19.555702
-11.140457 -27.794147 -26.521229
35.925174 -4.588110 -16.980316
-26.153694 -14.143670 -26.757072
6.977607 25.667524 29.874591
-18.351737 -35.189459 4.991569
-15.444992 -23.228754 28.668401
-10.220586 7.616252 37.914804
-21.359365 31.092999 13.304245
32.708305 21.797346 7.419060
34.896686 -19.546452 0.396938
-28.282270 14.858387 -24.069514
-19.716379 34.736065 -2.161062
25.078174 25.250679 -18.261665
0.945231 -22.763055 -32.877802
28.899517 -27.603812 1.687439
27.198898 12.446396 -26.557620
-25.658810 -28.220804 12.050381
-25.814634 18.998279 23.930526
39.551245 -4.164113 4.284759
-30.586770 -10.472995 -23.553469
32.915407 14.711309 -17.324934
30.387006 -25.946323 1.848834
35.611129 12.281575 13.454011
-19.306873 -29.095388 -19.511613
-25.236496 -10.601564 -29.167210
20.018070 24.218623 -24.753489
30.955329 8.654114 -23.809114
-2.222716 -26.994374 29.434050
4.262904 20.940814 -33.812867
-28.030726 18.641558 21.604877
-15.017459 32.976057 -16.942716
-33.605124 14.231209 -16.375845
-18.610230 -33.024862 12.767845
19.444728 -33.072528 -11.318590
5.816960 27.498193 28.460716
-32.769877 -18.336722 -13.780413
27.001834 -15.348004 -25.205946
11.209721 -1.475335 -38.368809
-29.544093 24.477553 -11.313531
31.997015 22.111669 -9.341582
-1.627008 31.840399 -24.156610
-32.916558 21.394856 7.665529
-3.673977 26.679015 -29.575869
28.638163 -6.496995 27.159614
-23.830833 10.523619 -30.353663
-28.781751 -26.009541 -9.752670
-15.359876 35.225916 -11.099957
15.336808 33.605697 15.344037
19.049168 -24.091991 25.626260
-33.868278 20.935895 3.824657
23.722922 -18.220244 -26.556462
-26.920464 -13.931218 -26.099996
29.648931 -22.414586 -14.782668
-39.389098 3.746753 5.870329
-15.915183 26.601077 25.280222
27.965689 28.159675 -4.995288
29.489908 -15.886351 -21.862506
21.327090 -23.164595 24.668944
-21.222260 -22.987981 -24.923251
0.718895 -23.573445 -32.307520
22.857637 -32.806044 1.136613
-1.147759 1.362833 39.960297
-29.478046 0.616693 27.030806
26.846712 -23.466987 -18.126075
-22.221364 -17.062048 28.549912
-38.391146 -6.413903 9.218554
12.385070 29.093240 24.498846
22.239055 0.723349 -33.240054
-24.635673 19.499924 24.755537
-34.011325 20.775309 3.408270
-14.720964 32.559869 17.976322
-25.470907 -18.467451 24.701946
-34.650975 -17.872365 -8.938036
-28.856658 16.487062 22.259157
23.777102 -24.495677 20.847331
-21.437805 31.842800 11.245294
-19.065759 21.060154 -28.159665
19.398563 -16.171408 31.019048
12.133805 -17.939522 33.629516
-4.287139 14.725216 36.943043
-19.388703 31.989183 14.169346
-35.266442 -13.539526 13.151398
14.257124 -35.448314 -11.838557
-23.880343 28.850400 -14.049329
-31.984605 6.364924 -23.161883
-25.921694 24.350689 18.306003
-15.996544 -34.744136 11.702803
-29.514051 -21.742531 -16.005723
28.788784 1.983678 27.699656
-14.651073 -36.524932 7.160681
-5.356519 25.325847 30.494412
7.893587 36.792875 13.563762
19.263130 -35.017087 -1.653914
-21.724107 -27.435061 -19.374742
17.200374 -18.054416 -31.275953
-23.774045 -6.872661 -31.425488
15.052965 -16.592091 33.137754
-22.866527 29.657847 14.054683
32.909674 3.995788 -22.382739
-34.609598 -7.717092 -18.510058
-24.857666 -11.593096 -29.115229
30.973908 22.925800 10.724958
-26.983170 -21.036752 -20.721091
-18.005380 26.444630 24.010161
-22.611432 -11.464567 30.940053
-37.079436 -1.892797 14.883976
26.783166 -19.466284 -22.443837
23.503736 -20.296495 -25.211638
14.724779 11.574222 35.344282
19.010228 -33.574123 -10.554123
16.067245 -18.746625 31.470743
-18.791440 32.700679 -13.324691
5.726257 39.508704 2.504461
-26.524592 -8.662324 28.660254
-12.334373 29.198754 24.398688
28.388803 16.579461 22.785902
-9.246855 -38.150683 -7.682518
20.618763 -7.854730 -33.364200
-32.651860 -22.149273 6.577670
10.551183 -15.607676 35.285592
-30.896496 -12.744061 -21.977158
11.854913 -33.193736 -18.911291
-7.914796 17.324960 35.173879
-15.403137 23.143668 -28.759590
-20.107791 26.381064 -22.354333
18.649071 34.098344 -9.461241
-11.129295 34.375459 -17.160029
29.412546 -26.644014 -4.999862
-22.299486 30.839006 12.316194
-7.781612 38.869106 5.351550
-27.560615 -27.755329 8.369840
10.679197 -6.956713 -37.915154
-21.401406 12.907687 31.230937
37.255379 -1.883291 -14.439181
32.078526 3.600549 -23.622112
-9.854121 16.504799 -35.078311
-2.198568 37.358527 -14.124687
3.746396 -5.725829 -39.410397
-18.504130 -34.065938 -9.854393
24.094839 -3.031414 31.784419
-18.931651 28.267551 21.036591
-14.837679 -26.174139 26.358257
26.543353 -4.651055 29.560415
1.553467 26.182213 -30.200637
22.601276 20.075707 26.194433
25.471423 28.688773 -11.320817
-32.247426 3.026012 -23.472255
37.180716 4.491994 -14.050492
-20.080346 6.046471 34.062001
21.903906 27.704108 -18.780345
21.773018 6.100621 32.995729
29.126531 26.042906 8.568092
4.592270 -33.319249 21.650374
-18.858535 -4.236140 35.020148
21.290115 -17.124223 29.214585
26.396562 29.943179 2.574408
-0.232025 36.080092 17.267690
2.005246 -32.451890 -23.299224
8.020040 23.059160 31.685235
29.381926 17.978668 20.333960
13.546811 -30.271976 -22.362723
-21.483427 -25.158872 -22.483184
-39.357248 -6.714323 -2.434109
22.017631 -33.366870 -1.369637
-17.323192 -29.063476 -21.335918
-23.364186 28.073400 -16.309476
-36.880184 12.528700 9.104051
1.429648 12.547392 37.954171
-36.792123 -15.579909 -1.898977
-29.996659 26.409301 -1.658107
20.824681 -10.579054 -32.471777
-29.649623 -26.041384 6.538054
27.603499 12.150151 26.275857
-18.801602 -22.226111 -27.431729
-10.990543 -22.291823 -31.341388
-26.703757 23.220658 -18.646995
35.959663 -0.274999 17.516479
-10.477752 37.919436 -7.234162
24.941002 24.347370 -19.625290
-5.032597 -9.292679 38.578739
29.240565 -27.282056 -0.823888
-11.065684 -8.802360 37.417497
-15.463728 -8.979829 -35.780383
-18.311185 32.309322 -14.859617
-3.920590 36.497584 15.891991
7.713416 31.363752 -23.596997
20.817290 -1.720691 34.112749
-21.149453 -20.650416 -26.949230
-6.681789 29.855894 25.767796
11.404250 4.229936 38.105783
-33.261063 2.975859 -22.019217
1.698714 30.255700 26.109519
6.499380 -37.227292 13.110561
-11.238743 -21.220853 31.990093
-8.509208 0.004596 -39.084439
6.665414 -30.061829 25.531524
19.556276 -22.237399 -26.889592
-24.349562 31.710968 -1.230185
23.299849 8.046526 -31.501912
-11.241067 21.602513 -31.732788
13.075415 36.482250 9.903481
-13.372920 25.448163 27.812875
-33.228016 19.595972 10.578128
-18.362744 -23.645559 26.527291
-12.363564 -6.736178 -37.440168
-32.169980 -18.729283 14.639206
29.810207 -6.019775 25.982954
23.527708 22.022785 23.694807
20.869281 26.950406 20.932002
26.357709 8.429469 28.882784
-19.394799 -28.826319 19.821330
-17.866436 -7.844177 34.917895
6.042971 38.030586 10.823911
7.210137 -8.412829 38.434857
-28.480540 12.844780 24.977399
-29.452933 25.006664 -10.353332
-24.911989 28.466673 -13.001590
-12.329431 -37.658486 5.461094
-15.535123 20.615352 30.555969
-3.517398 27.037157 -29.268072
20.330186 20.807307 -27.454317
-16.062425 -33.199753 -15.484667
-21.923444 21.994463 -25.211231
-27.685044 -4.628397 28.497654
3.612123 -31.194065 -24.776660
-3.873673 -9.095921 38.758985
-4.683653 27.281807 -28.875013
4.657055 -30.842101 25.041498
10.076786 37.336332 10.220407
-26.377874 2.517470 29.964480
-3.506573 -35.812110 17.469881
-16.788467 -20.452036 29.997693
-17.169370 -33.095663 -14.487575
-31.477422 -24.463832 -3.269984
-29.174115 24.443155 -12.304600
23.809389 -18.895139 -26.001667
1.931742 -39.062126 8.391583
17.753131 19.224090 30.253276
-8.697081 -20.802345 33.039722
-14.896789 -14.063487 34.355553
-33.770310 21.412206 1.040940
20.952007 -34.066437 -0.700921
20.119155 21.977195 26.687497
-31.317830 18.902108 16.183444
-32.379860 21.618342 9.175618
29.616804 -26.857065 1.242161
10.592691 1.256573 -38.551471
-1.400625 32.893518 22.716838
35.942222 17.218353 -3.418326
6.603610 -34.911108 -18.374081
20.748414 6.599606 33.555156
21.761783 -2.060115 33.498966
27.663875 -27.569270 8.639753
22.939586 25.344670 20.770727
25.217200 -24.278938 -19.355257
-14.926305 13.855942 -34.426999
28.706891 -27.649366 -3.380382
-3.611682 39.122869 -7.507121
-14.115188 27.102715 -25.810934
35.978979 -16.479065 -5.826964
21.314056 -21.960051 25.757857
-8.911241 33.138453 20.553168
-17.388573 -10.580739 -34.433784
17.515866 35.027137 8.142118
-16.112002 -23.106470 28.398846
10.869564 -36.350346 12.669055
-6.835983 -39.409891 0.360266
-5.150151 -27.882702 -28.214019
28.794074 -22.744648 15.924267
-28.892363 27.564073 2.335212
27.946765 10.690047 -26.546210
12.099986 34.177867 -16.895671
2.986925 38.963304 -8.540447
-9.599170 38.345395 6.122634
-35.578297 7.603343 16.624499
-14.995554 32.660248 17.562503
-13.983524 26.344881 -26.653486
7.503311 -34.316855 19.132533
34.598764 18.159758 8.552704
14.426580 16.180941 -33.616230
38.806955 -9.006149 -3.592981
-14.158234 14.772937 34.370114
-31.766700 -17.482036 16.889500
-18.215811 5.407347 -35.198648
-2.936795 -13.090859 37.682949
-19.594428 -23.970752 25.327089
-26.025495 -12.272871 -27.785792
0.619311 31.039416 25.222433
6.254413 -38.744738 7.728361
-20.191173 -34.515248 1.007053
31.655296 -15.842172 18.627072
9.474799 -29.696424 25.066923
-7.313583 -37.363363 -12.267461
28.234955 9.965434 26.523149
26.627638 29.537167 -4.304030
-7.673032 14.076898 -36.646494
8.350470 27.059237 28.250086
-1.182558 -17.310897 36.040732
7.330440 -36.085952 -15.622699
32.235030 -23.682777 -0.169944
-20.242519 15.754639 30.692537
-5.355089 35.082858 18.453078
0.861298 -39.523758 -6.093500
-1.407294 -29.944930 26.482460
-19.042183 -27.044177 -22.494615
-24.171734 -29.186753 -12.800811
-20.444800 33.782509 6.383747
12.988500 -28.357482 -25.043005
-38.683326 7.563876 -6.810881
29.782226 -23.935101 -11.837650
3.884268 29.279396 -26.974607
22.382454 29.059421 -15.955432
23.853857 26.021363 -18.811757
-3.384055 21.781898 -33.378093
13.357440 -37.352408 5.135795
23.773069 -15.296408 28.299489
-22.714164 -15.823261 -28.873711
-28.294735 -8.850030 26.853024
26.651305 24.510738 16.997990
-29.400362 -27.121429 -0.216293
33.362944 -22.048334 -0.885978
-28.097036 -24.012887 15.295026
21.490920 -21.612702 -25.904275
-6.238642 -28.763374 -27.087776
20.592584 3.623389 -34.100096
15.891388 -14.614469 33.673151
32.590731 -1.570666 -23.138220
-11.871455 13.963504 35.554031
25.449182 -15.477858 -26.697847
31.953520 -7.749994 -22.779599
2.781571 -16.369877 -36.390795
6.560325 -31.304721 -24.020336
-34.621036 10.033863 17.340860
-28.717051 -25.790143 10.497594
-11.306100 29.045265 -25.070793
-33.656357 -11.057495 -18.573676
20.537463 -19.087037 -28.528891
-23.081334 4.094481 32.411221
28.949509 18.262787 -20.697742
13.523849 -30.842097 -21.584035
25.143863 -23.535246 -20.344001
-25.576856 14.490808 -27.126388
-16.203977 -36.292505 -4.503909
17.490216 34.577032 9.925785
-9.930547 -37.155885 -10.992018
-12.174208 32.058398 20.592421
-39.707386 -2.133819 4.332469
-12.962044 -18.768013 -32.859505
16.260166 -13.756635 -33.857968
12.837596 32.361150 19.696499
7.985763 34.018845 -19.466530
-4.454436 -32.960503 22.220784
19.764480 -33.982291 -7.387100
22.211288 -31.966709 9.208051
35.828134 17.268654 -4.258925
-8.523971 -2.796975 38.981006
0.327492 13.029981 -37.816826
5.014241 -30.502788 -25.385770
-27.896222 28.549607 -2.592442
-13.772767 -37.187286 -5.236088
-22.692698 19.440325 -26.591638
0.345184 -29.495059 -27.017075
26.399015 -16.664762 25.007553
-32.514342 -22.522468 -5.962885
22.749180 12.170545 30.567182
19.069159 17.009077 30.774315
-24.255971 -27.419710 16.118543
-24.887833 -31.190880 -2.779352
-18.226150 30.581190 -18.237277
25.238201 31.018389 0.944863
12.817754 -21.883655 30.932359
29.000117 9.376795 -25.904998
29.361678 -21.881576 16.096226
26.509985 29.619976 4.458443
-27.750034 10.898944 26.667370
-28.956902 23.474142 14.507326
13.865146 -37.484155 1.641906
-32.159397 23.116527 5.603513
36.837378 5.316565 14.654069
27.178932 -18.751570 22.576188
3.508517 -21.672851 33.436175
38.999190 4.669503 -7.566963
28.075150 -28.281533 -3.455547
-16.957384 -22.837991 28.122470
-34.682338 -14.556046 -13.610914
-1.922305 -39.262526 -7.399917
-0.601333 39.973271 -1.332655
-25.910192 26.193351 15.574668
22.800547 32.008293 -7.456823
15.406728 -22.600348 -29.186589
37.181103 -12.658572 -7.571404
12.872650 -28.694284 24.717058
-13.367545 2.504812 37.616946
6.452335 12.016705 -37.602741
28.323492 -14.165798 -24.435833
1.447877 -33.493242 -21.819862
28.882991 12.503939 -24.686522
28.929273 21.284912 17.608229
-21.541758 -33.600108 -2.642985
-9.625092 35.331009 -16.095882
24.813020 19.377658 -24.674286
33.708786 -20.022483 7.925777
-11.374368 -27.089024 -27.144217
-2.116841 12.139598 -38.054555
-12.555395 37.977227 0.303865
28.553815 18.138733 -21.346335
24.304868 21.888358 23.025490
2.989216 -28.872693 -27.521486
-5.817576 -23.601503 31.766726
23.749062 27.361634 16.950606
-18.827491 6.580868 34.673012
7.219587 2.383741 39.270795
-23.688142 -18.660614 -26.280286
-13.951600 -35.184607 -12.938170
-2.244632 -39.002536 -8.588587
15.072937 -30.177662 -21.496867
-24.477331 31.435624 -3.558342
29.455294 8.170223 -25.799867
22.504829 -24.444142 -22.271429
-2.069151 21.825353 33.457026
26.671661 -26.116857 14.371231
-16.368392 19.119455 31.088940
33.738483 11.881984 -17.903441
-19.034301 22.898585 -26.708617
-5.852244 36.441693 15.419282
-30.488488 13.405375 22.152834
-16.573607 -34.025042 -12.946508
14.776361 26.164541 -26.402196
16.942518 -8.628790 -35.192258
10.617497 -35.468502 15.141139
33.265679 -20.965354 -7.338158
-12.369142 -32.202998 -20.247747
-11.132622 24.561069 29.543504
36.228785 9.730368 -13.885067
-37.867437 -5.849717 -11.482075
-24.715292 -12.645757 -28.796514
20.265934 -10.961496 -32.697668
1.417161 -39.095254 -8.339832
-2.085785 -31.409901 24.679295
33.973756 -14.389344 -15.450911
-24.327032 -27.619821 15.663366
11.618146 -25.346937 28.680158
-25.571452 16.428427 -26.003993
-31.290812 -1.073571 24.894427
10.242790 -14.188468 -35.969051
20.474107 26.785386 21.525661
-11.013355 27.388148 26.992505
-8.767335 24.593484 30.303373
-31.208369 -25.020597 -0.086028
29.987935 -25.939904 5.276848
-11.447619 37.483385 7.996742
-34.091378 -10.892479 17.864262
-28.958400 0.411741 27.590606
-1.274075 32.612062 -23.126396
-30.326957 25.936965 -2.747639
-29.404340 27.032561 -2.150678
-29.148778 -25.127725 -10.906244
25.124937 24.351595 -19.383946
1.732490 30.062898 -26.329084
11.083205 -1.061536 38.419210
18.205531 -15.414283 -32.108543
27.764887 7.842444 27.705724
-16.410741 25.814666 25.773836
28.096044 16.176446 23.429360
25.005478 -29.788604 -9.346933
-24.045965 31.787213 3.371155
0.324934 27.749234 28.807541
34.046710 11.665460 -17.456764
30.128926 -4.108748 25.987805
-15.443282 26.286943 -25.894047
16.486843 -28.590976 -22.599560
-3.641816 -39.579767 4.492127
28.246913 -23.413923 -15.934243
-28.803103 -13.521917 24.239204
28.564724 17.022121 22.232947
14.114413 -35.168691 -12.804160
-13.891227 37.235471 4.533601
-9.877295 34.474442 -17.718687
29.308183 -9.964231 25.332677
18.010506 -13.691099 -32.987505
1.780888 -17.878334 -35.737846
-33.943933 19.292206 -8.695986
24.742891 -11.763445 29.144652
-5.437914 26.989471 -29.017194
-25.848070 -17.552453 -24.975762
-35.673458 9.039219 15.674722
-25.896408 -26.708649 14.697760
17.965595 25.678794 24.856326
25.824531 -18.636989 24.202402
-13.443464 -34.974274 14.002622
-25.739348 1.882969 -30.560438
32.962453 22.659595 -0.139424
-25.417709 -30.869955 -0.992930
-1.157779 21.005928 34.020737
14.758756 35.216896 -11.914250
31.584399 22.500859 -9.804952
26.303460 22.484515 20.064260
-33.963036 -10.301890 -18.449478
25.714156 14.546714 26.966188
31.297732 24.897816 0.742085
12.294406 -31.724454 21.033463
-24.930982 2.702949 31.163122
-25.506240 28.041684 12.770892
-13.535661 -31.084593 21.225786
-22.961807 -3.518046 32.563458
-23.096770 28.028859 16.760736
-12.420143 25.272231 -28.408703
-25.343228 4.095103 -30.674923
-24.743438 2.569646 31.323461
-16.183694 -11.756135 34.639303
4.970371 -36.018904 16.671352
-12.002781 31.808855 -21.074392
-33.641050 13.590016 -16.840167
-20.820032 27.067449 20.829773
-5.735978 39.432741 3.486755
32.554878 20.825897 10.318040
24.352820 -12.765212 29.051498
-19.324305 19.777617 28.903583
-21.088918 28.283709 -18.849120
28.939014 13.352041 24.171398
-15.670989 34.624688 -12.472013
28.036323 -12.589133 -25.602311
22.768729 30.997127 -10.989227
19.393518 -12.084242 -32.830817
28.134664 27.156400 -8.424406
-27.486518 -18.673734 -22.266185
-20.764757 -23.458430 -24.870201
-0.717743 -8.341087 39.114078
14.347088 21.484403 -30.538197
24.154493 -27.821508 15.573189
27.179094 -28.221213 8.053569
34.129319 8.728657 18.947298
37.423106 -13.339609 4.643918
-17.889786 4.087539 35.542194
-9.371613 -3.645771 38.715387
-19.596012 23.976555 -25.320369
36.031383 -7.377718 -15.726051
-33.680707 -14.096790 16.336783
-32.947376 -21.589060 -6.955783
10.046125 6.619769 -38.147792
23.158086 8.184986 31.570700
32.137190 -20.826289 -11.552780
-11.499128 -22.477625 31.024610
15.961370 -35.128783 -10.545298
32.399037 -17.031357 -16.131810
-23.302867 8.227723 31.452838
-10.742928 27.383980 27.105482
29.018454 26.314260 8.092531
4.551046 30.469000 25.513291
30.241035 10.931861 23.790213
20.669533 28.569610 18.882474
34.496093 -5.350996 19.529117
-11.587034 -32.318495 -20.524510
21.597974 -24.643508 -22.939595
10.509416 -30.718208 23.365441
-24.969792 -24.903312 18.876826
-23.806708 20.272557 24.945222
27.503761 20.319346 -20.752525
-36.227674 12.142433 11.837102
20.610944 24.770571 -23.698266
-21.905659 -18.076009 28.167357
21.957226 32.257797 8.792882
-29.060013 -0.386931 -27.483922
-8.575506 31.634311 -22.928827
13.742372 31.122708 -21.036260
7.591466 -37.743376 10.853904
30.134180 23.742125 -11.324431
13.855132 -25.677247 -27.362644
36.468523 6.328555 -15.165625
15.706157 23.225942 28.528446
-37.539518 -13.811927 0.123489
-13.491481 4.845830 37.342976
37.822782 8.504323 -9.854628
23.616837 21.410374 24.162800
19.665354 -12.849733 32.375272
-2.725730 -24.291836 -31.661919
19.257081 33.179465 11.326425
25.086280 8.321918 -30.023727
-39.066747 8.506960 1.192032
-20.295592 -18.402334 -29.145206
25.424881 26.557066 -15.757464
19.441684 29.795302 -18.282802
-34.664045 13.115833 15.045893
-27.126461 26.314776 -13.102965
31.891093 -19.579365 -14.128222
19.725606 -22.526590 26.522692
-35.323781 1.213802 18.728512
30.077951 21.537591 15.213450
-27.942776 15.553996 24.026537
-24.733474 31.364020 2.133899
29.089414 0.771965 27.444672
12.764241 -34.778182 -15.084834
33.681481 -9.067844 -19.578867
-37.972460 9.628257 8.086342
22.467385 23.963058 22.825171
35.496953 -3.642376 -18.074829
-12.596407 -9.969449 36.632508
26.575697 -21.146758 21.131658
26.923766 16.345643 -24.656252
-19.248040 33.605026 10.010755
27.474380 -24.903826 14.998597
23.543515 -28.819344 14.667935
31.230978 8.485926 23.507766
26.158046 12.545605 -27.538417
-16.427479 -27.411533 24.057136
-32.092798 6.903263 -22.856011
-6.738843 -7.246603 -38.756609
37.879431 -10.226611 7.782360
8.017070 -26.818715 -28.574169
23.013787 -1.985758 32.656123
26.058918 30.179619 3.181728
4.112435 25.591606 30.465679
31.599705 -11.164725 21.835923
-19.006589 24.737449 -25.036138
23.057753 32.497722 3.498302
29.752454 25.356038 8.477195
38.742062 4.776686 8.731316
-25.466871 14.755003 -27.087421
-31.093127 2.054112 25.079834
-29.032291 5.474110 -26.965908
-16.500374 -28.898517 22.194896
25.813669 28.457016 11.128915
-33.649028 6.840520 20.517071
-16.732950 22.727484 -28.345544
2.372105 30.262146 -26.049485
-28.463663 24.858874 13.109397
23.444807 -13.530753 -29.449274
-23.835655 9.182157 30.782293
37.193072 -14.716170 -0.331292
1.443932 -32.512783 23.255838
29.394176 -25.944807 -7.927761
39.845521 1.543062 3.154903
-29.878916 -24.464491 -10.427802
27.798710 25.668758 -12.974845
-7.852147 20.207040 -33.615760
-16.904805 -12.820944 33.909452
-26.969741 29.529797 0.790047
1.618617 29.335014 -27.144743
-37.929677 -12.695363 0.409113
37.128534 3.858562 14.373011
18.674387 35.099525 -4.392108
18.109767 34.910773 -7.298923
-26.276538 -28.768738 9.050042
33.614995 -18.894827 10.630975
17.095075 -11.721209 34.210695
-10.508807 -26.356137 28.194308
34.009131 -0.402824 -21.052714
-16.083883 -19.121345 31.235923
19.298915 21.403758 27.738620
30.000689 -20.873315 16.256180
-19.149677 34.492786 6.598302
22.756488 -27.469164 18.099372
-32.263498 11.840849 20.466093
-32.802472 -22.888543 0.335347
3.626983 -0.002895 39.835223
-27.568120 -2.461289 28.878034
12.675524 26.825326 -26.827840
-25.049642 -16.257812 26.612008
31.453014 -4.370492 24.322967
-30.653515 -15.772072 -20.288020
14.258019 28.208906 -24.514618
-13.541597 23.446579 29.442878
-25.750084 -30.201088 -4.982719
-12.757374 24.433138 -28.987431
-34.045039 20.598354 4.079598
27.755081 -17.688448 22.732670
-10.185695 -31.772427 22.062740
33.566671 21.625972 2.365580
-20.759497 34.188930 -0.400438
-2.411533 -39.834617 -2.718051
-14.289282 -37.172647 3.743092
28.887463 11.830616 -25.011017
1.478631 -19.539627 -34.871430
-27.140380 -11.815305 -26.903500
11.348310 32.059410 21.057304
16.398416 23.902488 -27.563799
-19.575999 24.955365 -24.372321
-30.019327 -24.505970 9.914507
39.426879 6.746687 -0.058402
-18.097197 24.518255 -25.910357
21.389429 28.881242 17.560359
-24.736076 31.357339 2.200880
5.293277 37.537175 12.764862
29.448314 -8.680237 25.640793
-22.608072 32.643742 4.822983
-4.665836 32.604209 -22.697919
-27.517836 14.045143 -25.406744
35.509882 0.112209 18.412922
5.166388 15.217024 -36.629914
35.756622 -7.501306 -16.284791
38.714880 8.201843 5.821328
28.188441 -10.231132 26.471413
30.751451 -14.336082 21.185490
36.167546 4.333316 -16.526676
22.442571 -29.647143 14.743741
-5.200029 -19.407740 -34.587560
-5.237668 -19.891404 34.305960
14.381812 -15.610117 33.904096
12.753243 37.846675 2.232488
33.281936 -20.236025 9.100332
-11.475752 2.990363 -38.201634
1.047878 36.743326 -15.774345
16.710827 -32.648285 -15.963638
-11.459953 36.546750 -11.532759
13.433308 -28.513864 24.627339
30.468813 19.957922 16.532779
18.865719 -33.262938 -11.732929
12.762911 36.515777 10.183622
2.751306 -14.863661 -37.033794
6.491634 -4.568171 39.204470
-17.737836 30.065457 19.530424
-22.982824 30.908511 10.791374
-38.516316 8.352051 -6.836422
-19.711916 -7.726101 33.937409
31.723512 15.254928 18.997525
-12.916877 24.536217 28.829297
0.238939 26.837557 29.659543
-0.067757 29.425357 -27.095088
-15.407499 -35.366510 -10.574448
17.090781 -27.935647 22.967474
8.525299 16.257037 35.539105
3.088439 27.320640 29.052438
-31.214750 23.802632 -7.685968
-4.473956 -23.778697 31.852116
8.419330 -17.183291 35.126193
-29.324054 1.202385 -27.178192
-17.827140 -34.834305 -8.292423
16.468968 28.773430 22.379964
20.796221 19.747718 27.884491
-33.368784 -11.565350 18.782091
-1.638644 8.451515 39.062600
24.504820 -12.869802 28.877015
-36.583626 12.270198 -10.539477
-5.929459 33.918021 20.357048
-3.098177 -32.247546 23.462675
23.255041 -23.087510 -22.938395
36.184664 -8.266481 14.910915
23.958572 18.854471 25.893932
31.032107 4.708813 -24.795875
24.450657 30.549273 8.301043
35.461844 1.656894 -18.431287
4.182221 16.385973 36.249261
31.627286 23.693756 6.190373
32.008352 -6.299718 23.146899
-25.486507 28.921942 -10.675168
14.308101 26.769311 26.051530
36.670339 14.235599 7.254927
29.821800 13.805502 22.805008
1.035685 -22.068417 -33.345350
-5.904006 -9.042833 -38.514541
-4.769889 -39.139059 6.736633
11.067162 31.439007 -22.115759
29.591431 -15.630855 21.909441
-29.480472 25.243237 9.678883
2.946431 16.027493 -36.529960
-36.579134 6.798667 -14.688263
22.758948 -32.056943 7.374460
31.923798 14.775794 19.040668
-22.819267 14.441139 29.508212
14.594165 -35.093103 -12.469341
-21.449135 30.089653 15.314939
-7.310296 36.108355 15.580316
-36.707379 13.384045 8.569460
-10.850927 38.044838 5.903194
39.685883 3.771417 3.287418
-13.826280 -31.110742 20.998946
4.143256 29.075532 -27.155973
20.041040 -1.181517 -34.597120
22.516834 -12.415015 -30.640815
-12.656123 -31.074738 21.775747
-22.691948 -21.683713 -24.797018
17.461416 34.019424 11.737875
1.785585 -2.787565 39.862779
18.251586 35.559567 -1.548155
21.247545 -20.083236 27.298451
-10.915286 -6.393934 37.946991
2.875252 20.489135 34.233438
12.847102 21.056196 -31.489500
-23.469390 13.930331 -29.242668
-36.804129 -13.053962 -8.663149
21.520936 -4.923947 33.355720
11.300761 -20.424338 -32.482907
12.473350 -3.966170 -37.797950
21.716485 16.321930 -29.359647
-31.259415 -24.862010 2.174730
-11.141982 38.373838 1.817915
-21.266457 -21.347786 26.306080
-21.785782 -32.480719 -8.389434
33.623334 -21.666180 -0.219147
36.931614 -14.108504 6.083256
22.432219 23.762277 -23.068371
-34.928995 10.210943 16.604275
6.281271 21.504677 -33.137509
-30.894518 -16.740149 -19.112722
-22.307830 18.375575 27.653191
14.758159 32.698653 -17.691660
0.412811 -33.904181 21.221124
-8.194757 6.667024 38.579745
-21.482783 3.671043 -33.541220
-2.433033 27.949770 28.511239
9.563545 -8.686825 37.856013
21.772546 -14.682426 -30.172547
-17.064684 -35.031563 9.032508
-9.634970 -7.381490 -38.114052
24.621854 23.419969 -21.101407
24.954486 25.792074 17.664727
-14.660280 -22.955409 -29.293777
-24.272677 -18.689534 25.720391
1.339705 -38.433115 -11.004583
-22.996183 21.910662 -24.312517
-15.688103 28.709851 -23.013646
25.736522 -27.695126 -13.061831
-19.903573 -21.463525 -27.261050
19.019957 -0.765575 -35.180323
-34.365249 -19.385937 6.573819
-25.779603 17.700999 24.941666
29.798090 8.993009 25.123686
9.455393 -4.663483 -38.585586
17.329744 20.995529 29.306445
21.086531 -21.183421 26.582341
-33.728279 -17.195178 -12.912361
16.519381 -8.589126 -35.402499
33.046327 7.890320 -21.111208
-26.992758 -18.330592 23.138290
-35.783682 17.718464 -2.363080
-1.060225 -18.138120 35.635439
-11.350321 31.627570 21.699470
28.303036 -26.285909 10.391781
-26.444961 13.270102 -26.917809
-19.185857 -13.078603 32.570739
1.383805 -25.764921 -30.565567
-19.762303 26.255030 -22.806244
20.336515 -25.988898 -22.605384
-35.729050 -9.375953 -15.346873
-14.219990 17.507492 -33.034522
-15.896248 -16.588185 -32.743570
-27.865584 -26.111895 -11.902865
14.496588 -22.514480 29.714426
-19.178106 0.570959 -35.098066
-8.131406 -7.499373 38.440078
-20.584912 22.289339 -26.066200
-18.297223 -31.224767 -17.036008
13.045677 30.918558 21.768167
30.929195 24.257159 -7.414525
-19.696741 -19.422555 28.892953
-39.671004 -2.643373 -4.384517
35.568717 1.417560 18.244366
-16.779716 29.411105 -21.293850
-17.212002 -28.129010 22.638591
-19.714628 -14.985355 -31.412936
21.644202 -22.613038 -24.903394
-18.934887 -27.308781 -22.264333
35.189455 4.704658 18.427382
8.910300 38.994025 0.269305
26.257068 -17.314640 24.713754
0.702933 37.298579 -14.433360
-22.504677 11.972514 -30.825289
34.719401 18.592574 -6.991382
-10.739773 38.071621 5.933716
25.690926 27.422046 13.711591
3.872018 -3.922868 -39.618412
2.766538 -37.892698 -12.509585
-7.999402 28.108671 -27.311393
-9.642438 -38.819717 0.230202
23.249448 31.004411 -9.909069
-27.122582 -23.570753 17.572284
17.566302 -28.589296 -21.773313
15.693369 29.663793 21.766432
17.066178 -32.456331 -15.979116
-35.354943 11.427916 -14.813194
-27.502504 9.923732 27.297103
-30.666089 24.978228 5.973200
16.317235 20.157103 30.453884
9.812399 -38.189559 -6.728623
18.561388 -24.373209 -25.718117
10.080638 -38.203559 6.234489
4.231751 -19.554169 -34.637072
21.091338 28.880319 17.918779
-26.528480 28.508907 -9.136849
31.924983 5.538972 23.454535
-1.000046 -25.840372 -30.516800
-18.483039 18.882253 30.030614
-29.278856 -24.912931 11.049637
25.250082 30.568993 -5.288670
-19.017858 5.480352 34.760420
24.870497 -15.289045 -27.344167
29.481592 21.787326 16.004629
-21.614958 -22.534002 -25.000247
0.793231 37.809679 -13.030693
27.563760 20.258902 20.732005
-5.852149 -32.327675 22.818278
-15.875765 -36.611463 2.749700
27.710060 -3.998589 28.568582
37.533062 12.660876 -5.565202
-16.641970 -20.106152 -30.311507
-15.850408 -36.540295 3.683935
14.267953 -37.368759 -0.036951
-11.694547 -28.857566 -25.109330
22.218539 -24.657575 22.323542
17.211936 -19.078302 -30.655630
20.884079 -20.216380 27.480052
-0.206151 -1.395300 -39.975125
